10402
10478
10486
10581
10584
10589
10596
10606
10608
10636
10640
10641
10642
10647
10656
10661
10663
10673
10674
10677
10685
10700
10701
10718
10720
10723
10741
10748
10767
10777
10781
10783
10794
10800
10801
10802
10803
10804
10827
10831
10834
10838
10843
10850
10854
10857
10860
10863
10875
10887
10896
10897
10908
10918
10919
10924
10928
10929
10930
10950
10952
10956
10958
10961
10966
10969
10977
10983
10984
10998
11007
11016
11021
11030
11031
11036
11039
11042
11053
11058
11060
11063
11065
11066
11068
11072
11074
11113
11139
11177
11193
11227
11238
11246
11286
11301
11311
11316
11318
11321
11325
11326
11329
11330
11337
11338
11345
11348
11358
11364
11387
11410
11426
11430
11433
11435
11451
11492
11493
11498
11517
11518
11523
11527
11530
11533
11534
11536
